[05:39:03 PM],13:50,0,23,7,30,17,150,27,1,2672,116
[06:13:10 PM],7:11,0,38,12,0,2,150,32,14,352,9
[06:19:48 PM],5:17,1,47,3,13,9,150,3,0,352,7
[06:24:25 PM],3:11,2,49,1,4,4,150,0,0,352,7
[06:29:36 PM],3:47,3,50,0,2,2,150,0,0,1710,34
[06:41:17 PM],10:18,4,45,5,11,6,150,8,1,3782,84
[07:00:48 PM],18:6,5,36,14,37,13,150,23,1,4122,114
[09:12:27 PM],22:41,0,28,22,39,19,150,44,18,3202,114
[09:35:10 PM],21:9,1,15,35,51,28,150,19,0,1740,116
[09:57:02 PM],20:18,2,18,31,49,17,150,18,0,2015,111
[10:21:43 PM],23:10,3,11,39,52,35,150,23,7,1287,117
[10:50:39 PM],27:27,4,13,30,50,51,150,9,1,1515,116
[11:38:13 PM],21:42,0,12,38,50,22,150,28,5,1297,108
[12:04:46 AM],24:51,1,11,39,49,33,150,6,1,1242,112
[12:35:32 AM],21:30,0,13,18,27,51,150,16,4,1530,117
[12:17:43 PM],18:8,1,6,44,51,20,150,1,0,710,118
[12:39:02 PM],19:23,2,4,46,50,22,150,4,0,427,106
[01:32:16 PM],22:50,3,30,20,50,14,100,18,1,3515,117
[01:56:09 PM],21:55,4,30,20,50,18,100,15,0,3532,117
[02:52:01 PM],22:39,6,18,32,49,23,150,22,14,2160,120
[03:17:40 PM],23:28,7,20,29,49,26,150,19,14,2390,119
[03:44:21 PM],25:18,8,29,21,50,19,150,28,13,3490,120
[04:11:11 PM],25:25,9,25,25,50,20,150,35,9,2975,119
[04:43:29 PM],26:55,10,17,33,51,31,150,35,15,2862,168
[06:25:31 PM],20:38,12,33,17,37,18,150,2,0,3295,99
[06:49:25 PM],22:6,13,18,32,50,28,150,24,4,2157,119
[07:13:55 PM],22:51,14,10,40,50,25,150,19,1,1047,104
[07:50:37 PM],13:21,16,22,28,10,5,150,12,0,1235,56
[08:18:56 PM],22:39,18,27,23,40,26,150,7,8,2782,103
[08:44:15 PM],23:35,19,11,31,44,51,150,17,1,1305,118
[09:24:25 PM],38:30,20,11,39,58,51,150,18,52,1197,108
[09:50:38 PM],5:41,22,0,0,0,51,200,10,2,0,0
[09:55:59 PM],4:16,23,0,0,0,51,200,2,0,0,0
[10:01:24 PM],4:15,24,0,0,0,51,200,1,0,0,0
[10:49:36 AM],23:58,0,30,20,50,22,100,29,2,3402,113
[01:00:20 PM],24:13,1,22,28,51,24,100,40,0,2507,113
[04:46:56 PM],16:24,5,20,0,50,23,150,2,0,2325,116
[05:11:23 PM],22:34,6,30,0,50,21,150,18,22,3182,106
[05:36:21 PM],19:31,7,27,0,50,24,150,16,1,3130,115
[05:56:56 PM],18:40,8,17,0,49,28,150,13,2,1967,115
[06:23:55 PM],25:8,9,30,0,50,23,150,21,29,3352,111
[06:45:23 PM],19:39,10,27,0,50,23,150,17,5,3135,116
[10:37:34 AM],16:53,0,9,0,48,32,150,7,0,997,110
[11:03:38 AM],11:21,2,34,0,8,5,100,7,0,3917,115
[11:35:38 AM],18:36,2,28,0,49,17,100,22,3,2997,107
[11:57:51 AM],20:18,3,20,0,50,26,100,15,1,2317,115
[12:24:08 PM],24:3,4,30,0,50,20,100,26,23,3455,115
[12:49:10 PM],11:39,6,24,0,24,5,100,36,4,2645,110
[01:17:33 PM],12:46,8,26,0,21,7,100,38,1,2922,112
[01:38:19 PM],18:51,9,31,0,50,12,100,28,3,3537,114
[01:59:39 PM],19:31,10,28,0,50,12,100,26,1,3172,113
[02:19:39 PM],18:12,11,31,0,50,16,100,24,0,3507,113
[02:42:54 PM],18:46,12,35,0,50,12,100,11,3,4020,114
[03:04:13 PM],19:32,13,34,0,50,19,100,15,4,3890,114
[03:28:34 PM],22:35,14,35,0,50,15,100,16,12,3975,113
[03:52:43 PM],22:15,15,38,0,50,11,100,24,16,2972,78
[04:16:34 PM],22:4,16,35,0,38,9,100,25,17,3122,89
[04:40:14 PM],21:49,17,32,0,42,9,100,31,22,3197,99
[06:19:58 PM],28:43,18,29,0,34,51,150,13,0,3167,109
[06:49:14 PM],22:47,20,10,0,49,9,300,18,27,1562,156
[11:41:29 AM],27:34,0,44,0,50,11,100,35,29,4835,109
[12:04:39 PM],21:27,1,40,0,50,13,150,27,0,4332,108
[12:26:53 PM],20:38,2,14,0,49,28,150,27,0,2175,155
[12:52:33 PM],13:57,4,32,0,13,4,100,26,14,4302,134
[01:25:03 PM],21:41,4,29,0,50,14,100,45,9,3290,113
[01:46:35 PM],20:0,5,29,0,50,15,100,25,0,3155,108
[02:09:26 PM],21:16,6,26,0,50,16,100,23,10,2910,111
[02:33:45 PM],22:45,7,39,0,50,20,100,18,8,4437,113
[02:59:36 PM],24:18,8,45,0,50,19,100,26,8,5117,113
[03:23:43 PM],20:31,9,31,0,50,16,150,24,12,4147,133
[03:47:05 PM],22:9,10,42,0,44,17,150,30,13,4985,118
[04:09:36 PM],21:16,11,33,0,38,14,150,42,14,5617,170
[04:32:09 PM],21:11,12,25,0,50,17,150,25,10,4167,166
[04:58:30 PM],25:1,13,33,0,50,16,150,40,16,5485,166
[05:50:59 PM],19:59,15,29,0,50,15,150,27,3,4795,165
[06:13:34 PM],21:27,16,29,0,50,19,150,22,8,4797,165
[11:00:43 AM],11:6,0,35,0,34,18,150,48,0,1777,50
[11:47:37 AM],24:31,1,37,0,49,20,150,17,30,5950,160
[12:07:52 PM],18:42,2,37,0,48,26,150,12,3,4045,109
[12:26:11 PM],16:43,3,43,0,37,19,200,14,9,2067,48
[01:50:06 PM],22:29,5,37,0,49,33,200,56,5,6085,164
[02:09:30 PM],17:36,6,26,0,49,24,200,33,2,4222,162
[02:29:12 PM],18:12,7,31,0,49,18,200,23,1,4957,159
[02:49:47 PM],18:58,8,34,0,49,21,200,39,0,7202,211
[03:09:55 PM],18:39,9,22,0,49,30,200,33,0,4562,207
[03:31:10 PM],19:38,10,29,0,49,25,200,15,3,6070,209
[04:16:59 PM],21:49,11,38,0,49,30,200,33,5,8027,211
[04:38:31 PM],20:32,12,38,0,49,26,200,4,2,8022,211
[04:44:38 PM],5:38,13,1,0,0,51,200,4,1,0,0
[05:06:44 PM],9:29,15,41,0,6,8,250,3,0,4860,118
[05:31:05 PM],23:1,16,41,0,37,19,250,14,30,3047,74
[06:44:20 PM],23:15,18,27,0,46,31,250,56,27,5077,188
[07:22:12 PM],8:40,20,17,0,4,5,200,32,15,2400,141
[07:43:07 PM],19:18,21,25,0,49,17,150,21,12,4080,163
[08:02:22 PM],17:39,22,24,0,49,18,150,10,5,3835,159
[08:48:19 PM],11:46,24,25,0,13,8,200,45,7,3560,142
[09:08:01 PM],18:10,25,19,0,50,18,200,20,4,3890,204
[09:27:33 PM],17:58,26,22,0,49,18,200,14,0,4312,196
[09:50:06 PM],20:57,27,42,0,49,16,200,11,0,8882,211
[10:13:37 PM],21:58,28,39,0,49,11,200,16,10,6535,167
[11:03:11 PM],27:34,30,46,0,50,24,250,30,18,8725,189
[11:25:20 PM],20:45,31,22,0,24,51,350,33,20,4617,209
[11:39:21 PM],12:36,32,3,0,6,51,350,22,8,630,210
[11:51:04 PM],10:15,33,1,0,7,51,350,12,0,0,0
[12:08:23 AM],15:43,34,2,0,4,51,350,18,18,315,157
[11:24:22 AM],22:21,0,33,0,49,34,150,28,0,5310,160
[11:46:56 AM],21:21,1,26,0,49,37,200,11,3,4992,192
[12:10:38 PM],22:30,2,33,0,49,27,150,11,0,5770,174
[12:34:59 PM],21:38,3,29,0,49,22,150,11,3,5607,193
[01:01:17 PM],24:42,4,38,0,49,25,200,20,14,6982,183
[01:23:50 PM],21:3,5,30,0,44,20,200,20,12,3632,121
[01:47:54 PM],22:20,6,31,0,40,24,250,30,16,5720,184
[02:16:45 PM],27:9,7,19,0,49,38,250,35,27,4525,238
[03:44:40 PM],16:24,9,8,0,49,22,200,7,5,1065,133
[04:06:04 PM],19:59,10,15,0,49,20,150,14,10,2030,135
[04:25:36 PM],18:6,11,17,0,49,19,150,9,4,2327,136
[04:43:03 PM],16:1,12,14,0,49,12,150,7,0,2172,155
[05:02:05 PM],17:35,13,11,0,49,17,150,13,6,1667,151
[05:24:50 PM],21:14,14,35,0,49,16,100,14,7,3872,110
[05:50:59 PM],18:27,15,18,0,49,18,150,19,8,2817,156
[06:11:00 PM],18:34,16,14,0,49,17,150,20,9,2142,153
[06:29:47 PM],17:21,17,12,0,49,15,100,29,8,1757,146
[06:47:01 PM],15:47,18,17,0,49,9,100,10,0,1732,101
[07:08:40 PM],19:56,19,26,0,48,15,100,13,5,2830,108
[07:31:26 PM],21:4,20,33,0,49,15,100,18,2,3712,112
[08:04:53 PM],23:48,21,38,0,49,18,100,33,7,4345,114
[08:38:45 PM],20:40,23,41,0,34,7,150,36,12,6015,146
[09:00:31 PM],20:8,24,33,0,49,10,150,20,3,5387,163
[09:26:24 PM],24:16,25,41,0,49,14,150,29,12,6700,163
[09:56:35 PM],16:23,27,33,0,17,5,200,32,15,4605,139
[10:43:16 PM],18:30,28,31,0,21,3,200,64,31,5055,163
[11:37:21 AM],16:43,1,21,0,50,17,150,41,0,3310,157
[11:58:11 AM],19:45,2,34,0,49,17,150,9,4,5457,160
[12:17:26 PM],18:7,3,30,0,49,16,150,17,0,4765,158
[12:35:42 PM],17:9,4,18,0,49,17,150,24,0,2885,160
[12:55:02 PM],18:13,5,24,0,49,16,150,18,3,3835,159
[01:14:19 PM],18:6,6,23,0,48,17,150,25,5,3685,160
[01:52:09 PM],21:55,7,21,0,49,38,150,37,6,3152,150
[02:12:05 PM],18:56,8,19,0,49,29,150,13,3,2920,153
[02:30:54 PM],17:42,9,14,0,49,23,150,6,5,2000,142
[02:50:50 PM],18:48,10,30,0,49,19,150,5,0,4797,159
[03:11:37 PM],19:33,11,25,0,49,15,150,13,7,4025,161
[03:39:05 PM],25:58,12,24,0,49,23,150,20,20,3722,155
[04:05:02 PM],18:48,13,16,0,48,19,200,40,10,3260,203
[04:23:49 PM],17:21,14,14,0,49,18,200,18,6,2802,200
[05:26:19 PM],8:29,15,19,0,0,1,150,38,15,3215,169
[05:47:18 PM],18:45,16,22,0,49,16,150,13,4,3480,158
[06:03:58 PM],14:52,17,14,0,49,11,150,9,0,2060,147
[06:22:00 PM],16:24,18,18,0,48,16,150,10,0,2785,154
[06:42:57 PM],19:11,19,26,0,49,9,150,8,12,4067,156
[08:27:50 PM],23:10,21,44,0,48,15,200,15,8,7105,161
[08:48:54 PM],19:21,22,30,0,49,11,200,15,0,6052,201
[09:18:27 PM],16:58,24,33,0,32,9,200,14,4,6957,210
[09:47:08 PM],24:34,24,25,0,49,10,200,22,27,5010,200
[10:10:27 PM],20:56,25,24,0,49,18,250,17,0,5017,209
[10:34:12 PM],21:52,26,26,0,49,22,250,22,0,5252,202
[10:55:55 PM],19:57,27,32,0,49,14,250,23,0,4785,149
[11:15:09 PM],17:26,28,25,0,41,25,250,9,0,1535,61
[12:26:13 AM],21:30,29,10,0,49,29,150,16,0,2240,224
[12:51:11 AM],23:19,30,27,0,50,19,150,11,4,4355,161
[01:14:26 AM],21:34,31,28,0,49,9,150,17,17,4405,157
[01:39:30 AM],23:26,32,26,0,49,23,150,23,1,4185,160
[02:03:20 AM],22:13,33,25,0,49,17,150,20,8,4007,160
[10:49:13 AM],19:57,0,28,0,48,15,150,18,11,4522,161
[11:09:26 AM],18:49,1,27,0,49,14,150,11,0,3925,145
[11:35:04 AM],6:53,3,24,0,2,1,150,19,1,3762,156
[01:45:45 PM],15:52,5,10,0,49,15,100,39,0,1500,150
[02:07:10 PM],19:53,6,31,0,49,15,100,9,0,3465,111
[02:26:59 PM],18:26,7,24,0,49,18,100,30,0,2505,104
[02:46:10 PM],17:46,8,16,0,49,12,100,23,0,1730,108
[03:07:43 PM],20:20,9,32,0,49,17,100,14,0,3507,109
[03:28:26 PM],19:31,10,30,0,48,16,100,21,0,3202,106
[03:56:46 PM],21:20,11,27,0,48,21,150,34,0,3785,140
[04:17:41 PM],19:20,12,21,0,49,17,150,19,0,3512,167
